0,541603727984058;0,372690929739126;-0,911084272391668;0,176628870040471;0,93533386613025
-0,363490407990054;-0,59519747346416;0,818883652714493;-0,294055780067135;-0,998573125805041
0,606314511786361;0,397276102284564;0,335780421893941;-0,581840176871903;-0,901537108654872
0,866993176688903;0,47103319106206;-0,0042891912182277;-0,232817154486113;-0,00934797013613767
-0,221510406221035;-0,16951745151054;-0,121859166827919;0,673048102610301;0,607109367664489
-0,896516552146765;-0,160522105247025;0,747140321297171;0,887713374517725;-0,93093092829498
-0,93802785032337;0,149246064084231;0,144323172580601;0,15531386349132;0,738509978511608




























@
0,305197299134544;0,44402758704686;0,820929174693734;0,577483733453547;-0,0250347377848973
0,449306926433606;-0,315962774826196;-0,838850538171293;0,059159984839689;-0,218485018805827
-0,061453710804439;0,776511778485268;0,366563259794639;0,704689767539822;-0,342468988309833
-0,0833256640859533;0,135056228905477;0,817813635253261;0,921288195495162;0,318048648684308
-0,740527712619178;0,345001105379779;-0,0714072385204058;0,830600737515185;0,390649127955851




















@
-0,717786953187448;-0,472269414678341;0,5828302086251;-0,991640743329954;0,528688155826502
0,0255212560414901;0,454769132870608;0,42106753886727;0,212478882266432;0,869463760810654
0,615171227890612;-0,470567228491682;0,101640278055165;-0,493364055405075;-0,818288167853974
-0,53840099533014;-0,931302004927444;0,685248150343657;0,477077356761823;-0,2241710029655
-0,907091111367145;0,268306028688469;0,0849641994968821;-0,868921191836205;-0,14402144734935




















@
-0,523003485762982;0,254889374251892;0,873625193198037
-0,960385235473693;-0,633287391920242;-0,786641170637049
0,71565270317516;0,33305233499643;-0,691959352554735
0,163108621799903;-0,658283212528696;0,877191298584077
0,765342406353607;0,780899398392485;-0,965118295962512









